Production/reference grid inventory
Reference: September 28 frozen block0506 stationary solution used for transition initialization.
Source: /Users/tommasodesanto/Desktop/Projects/Fertility/Fertility_Spring26/output/model/fertility_identification_20260928/fixed_reference_manifest.json
The matched small-credit comparison retains this 160-node grid.
No model was solved or changed to produce this inventory.

Dense value-array axis order: wealth, tenure/house, location, age, income, children ever born, children at home.
Shape: (160, 6, 1, 17, 15, 4, 4); 3,916,800 cells.
Family mode: independent_count; admissible child-count pairs satisfy 0 <= children at home <= children ever born <= 3.
Dense allocation retains all 16 family slots; 10 satisfy the child-count restriction.
Location: one pooled market.
Tenure/house: renter; owner sizes [2.0, 4.0, 6.0, 8.0, 10.0]
Ages: [18.0, 22.0, 26.0, 30.0, 34.0, 38.0, 42.0, 46.0, 50.0, 54.0, 58.0, 62.0, 66.0, 70.0, 74.0, 78.0, 82.0]
Income: 15 Markov productivity states; permanent-income levels disabled.
Income multipliers: [0.05388932006414422, 0.0788928155545071, 0.11549739983189591, 0.16908573073694466, 0.2475379045801784, 0.3623902143420617, 0.5305315469710143, 0.7766868728573969, 1.1370530214708616, 1.6646213793720133, 2.4369702066117713, 3.567672421793519, 5.222996356169136, 7.646355301544813, 11.194101127105801]
Renter housing is continuous, capped at 6.0.
Saving is continuous over interpolation intervals; there is no separate 160-node saving-choice axis.
Equilibrium prices are solved, not discretized as household-state axes.

Exact wealth grid (zero-based index, model-unit value):
  0  -12.0
  1  -11.3
  2  -10.6
  3  -9.9
  4  -9.2
  5  -8.5
  6  -7.800000000000001
  7  -7.1000000000000005
  8  -6.4
  9  -5.7
 10  -5.0
 11  -4.8604651162790695
 12  -4.72093023255814
 13  -4.5813953488372094
 14  -4.441860465116279
 15  -4.3023255813953485
 16  -4.162790697674419
 17  -4.023255813953488
 18  -3.883720930232558
 19  -3.744186046511628
 20  -3.604651162790698
 21  -3.4651162790697674
 22  -3.3255813953488373
 23  -3.1860465116279073
 24  -3.046511627906977
 25  -2.9069767441860463
 26  -2.7674418604651163
 27  -2.6279069767441863
 28  -2.488372093023256
 29  -2.3488372093023258
 30  -2.2093023255813953
 31  -2.0697674418604652
 32  -1.9302325581395348
 33  -1.7906976744186047
 34  -1.6511627906976747
 35  -1.5116279069767442
 36  -1.3720930232558142
 37  -1.2325581395348837
 38  -1.0930232558139537
 39  -0.9534883720930232
 40  -0.8139534883720927
 41  -0.6744186046511631
 42  -0.5348837209302326
 43  -0.39534883720930214
 44  -0.25581395348837255
 45  -0.11627906976744207
 46  0.0
 47  0.1627906976744189
 48  0.3023255813953485
 49  0.44186046511627897
 50  0.5813953488372094
 51  0.720930232558139
 52  0.8604651162790695
 53  1.0
 54  1.1395348837209305
 55  1.27906976744186
 56  1.4186046511627906
 57  1.558139534883721
 58  1.6976744186046506
 59  1.837209302325581
 60  1.9767441860465116
 61  2.116279069767442
 62  2.2558139534883717
 63  2.395348837209302
 64  2.5348837209302326
 65  2.674418604651163
 66  2.8139534883720927
 67  2.953488372093023
 68  3.0930232558139537
 69  3.232558139534884
 70  3.3720930232558146
 71  3.5116279069767433
 72  3.651162790697674
 73  3.7906976744186043
 74  3.9302325581395348
 75  4.069767441860465
 76  4.209302325581396
 77  4.348837209302326
 78  4.488372093023255
 79  4.627906976744185
 80  4.767441860465116
 81  4.906976744186046
 82  5.046511627906977
 83  5.186046511627907
 84  5.325581395348838
 85  5.4651162790697665
 86  5.604651162790697
 87  5.7441860465116275
 88  5.883720930232558
 89  6.023255813953488
 90  6.162790697674419
 91  6.302325581395349
 92  6.441860465116278
 93  6.581395348837209
 94  6.720930232558139
 95  6.8604651162790695
 96  7.0
 97  7.571428571428571
 98  8.142857142857142
 99  8.714285714285714
100  9.285714285714285
101  9.857142857142858
102  10.428571428571429
103  11.0
104  11.571428571428571
105  12.142857142857142
106  12.714285714285714
107  13.285714285714285
108  13.857142857142858
109  14.428571428571427
110  15.474341649025257
111  16.341640786499873
112  17.464751508773247
113  18.794733192202056
114  20.303300858899107
115  21.97137002317335
116  23.784930278607796
117  25.733126291998992
118  27.80722452368194
119  30.0
120  33.6605536290589
121  37.76776235382502
122  42.37612633868264
123  47.546795773833395
124  53.348382301167675
125  59.857869449066385
126  67.16163415705019
127  75.35659294528742
128  84.55148793793359
129  94.86832980505136
130  106.44401677007264
131  119.43215116604912
132  134.00507764528896
133  150.35617008818164
134  168.70239755710477
135  189.28720334405796
136  212.38373531524127
137  238.29847041728448
138  267.3752814401236
139  300.0000000000001
140  336.60553629058904
141  377.67762353825
142  423.7612633868264
143  475.4679577383344
144  533.483823011677
145  598.5786944906639
146  671.6163415705016
147  753.5659294528741
148  845.5148793793368
149  948.6832980505142
150  1064.4401677007263
151  1194.3215116604913
152  1340.0507764528895
153  1503.561700881818
154  1687.023975571048
155  1892.8720334405798
156  2123.8373531524126
157  2382.984704172845
158  2673.7528144012385
159  3000.0
